1.0, 3, 0.023291461169719696
1.0, 3, 0.02394564263522625
1.100000023841858, 3, 0.014543802477419376
1.100000023841858, 3, 0.017501626163721085
1.100000023841858, 3, 0.015431818552315235
1.100000023841858, 3, 0.01660936512053013
0.5, 3, 0.04391246661543846
0.5, 3, 0.04991050064563751
0.800000011920929, 3, 0.04039756953716278
0.800000011920929, 3, 0.035186950117349625
0.8999999761581421, 3, 0.035053156316280365
0.8999999761581421, 3, 0.03172089904546738
0.6000000238418579, 3, 0.015528918243944645
0.6000000238418579, 3, 0.015302285552024841
0.6000000238418579, 3, 0.010364235378801823
0.6000000238418579, 3, 0.01131096575409174
0.800000011920929, 3, 0.013190597295761108
0.800000011920929, 3, 0.01504342257976532
0.8999999761581421, 3, 0.013580522499978542
0.8999999761581421, 3, 0.014774611219763756
0.8999999761581421, 3, 0.012510966509580612
0.8999999761581421, 3, 0.01622655615210533
0.5, 3, 0.015012920834124088
0.5, 3, 0.012927266769111156
0.800000011920929, 3, 0.012549183331429958
0.800000011920929, 3, 0.01602005399763584
1.100000023841858, 3, 0.01048353873193264
1.100000023841858, 3, 0.01192284282296896
0.800000011920929, 3, 0.017229683697223663
0.800000011920929, 3, 0.011444460600614548
0.6000000238418579, 3, 0.01415652222931385
0.6000000238418579, 3, 0.016231514513492584
0.699999988079071, 3, 0.014152412302792072
0.699999988079071, 3, 0.015375284478068352
0.699999988079071, 3, 0.012670757248997688
0.699999988079071, 3, 0.012020653113722801
1.0, 3, 0.012192508205771446
1.0, 3, 0.013579944148659706
1.0, 3, 0.012443535029888153
1.0, 3, 0.01541824359446764
0.5, 3, 0.013902268372476101
0.5, 3, 0.012548359110951424
1.0, 3, 0.011577657423913479
1.0, 3, 0.015041258186101913
0.5, 3, 0.014219850301742554
0.5, 3, 0.015569162555038929
0.8999999761581421, 3, 0.015961308032274246
0.8999999761581421, 3, 0.015975385904312134
0.699999988079071, 3, 0.012594298459589481
0.699999988079071, 3, 0.01270133163779974
1.100000023841858, 3, 0.013750776648521423
1.100000023841858, 3, 0.01701052114367485
0.6000000238418579, 3, 0.014630687423050404
0.6000000238418579, 3, 0.014015219174325466
0.699999988079071, 3, 0.0170067697763443
0.699999988079071, 3, 0.019151432439684868
0.5, 3, 0.027447259053587914
0.5, 3, 0.028116991743445396
1.0, 3, 0.014931454323232174
1.0, 3, 0.015138855203986168
0.800000011920929, 3, 0.010977872647345066
0.800000011920929, 3, 0.013895848765969276
1.100000023841858, 3, 0.013221774250268936
1.100000023841858, 3, 0.014415073208510876
0.6000000238418579, 3, 0.013924019411206245
0.6000000238418579, 3, 0.014778434298932552
0.699999988079071, 3, 0.015148515813052654
0.699999988079071, 3, 0.01653270795941353
0.8999999761581421, 3, 0.012815861031413078
0.8999999761581421, 3, 0.02143051102757454
